   1    3 0.0100 0.0300 0.4330
   1   13 0.0100 0.1300 0.4340
   1   30 0.0100 0.3000 0.4512
   1   35 0.0100 0.3500 0.4552
   1   47 0.0100 0.4700 0.4358
   1   54 0.0100 0.5400 0.4385
   1   67 0.0100 0.6700 0.4410
   1   70 0.0100 0.7000 0.4333
   1   78 0.0100 0.7800 0.4543
   1   80 0.0100 0.8000 0.4545
   1   93 0.0100 0.9300 0.4549
   1   96 0.0100 0.9600 0.4485
   2    1 0.0200 0.0100 0.4330
   2    4 0.0200 0.0400 0.4330
   2    6 0.0200 0.0600 0.4331
   2   26 0.0200 0.2600 0.4573
   2   28 0.0200 0.2800 0.4629
   2   55 0.0200 0.5500 0.4492
   2   65 0.0200 0.6500 0.4624
   2   67 0.0200 0.6700 0.4484
   2   76 0.0200 0.7600 0.4625
   2   83 0.0200 0.8300 0.4538
   2   93 0.0200 0.9300 0.4754
   3    4 0.0300 0.0400 0.4330
   3    9 0.0300 0.0900 0.4336
   3   15 0.0300 0.1500 0.4378
   3   26 0.0300 0.2600 0.4676
   3   33 0.0300 0.3300 0.4919
   3   46 0.0300 0.4600 0.4462
   3   52 0.0300 0.5200 0.4369
   3   57 0.0300 0.5700 0.4731
   3   75 0.0300 0.7500 0.4637
   3   98 0.0300 0.9800 0.4470
   4    5 0.0400 0.0500 0.4331
   4   10 0.0400 0.1000 0.4342
   4   17 0.0400 0.1700 0.4426
   4   23 0.0400 0.2300 0.4620
   4   29 0.0400 0.2900 0.4909
   4   35 0.0400 0.3500 0.5092
   4   58 0.0400 0.5800 0.4927
   4   71 0.0400 0.7100 0.4332
   4   75 0.0400 0.7500 0.4712
   4   83 0.0400 0.8300 0.4698
   4   96 0.0400 0.9600 0.4860
   5   13 0.0500 0.1300 0.4369
   5   17 0.0500 0.1700 0.4440
   5   21 0.0500 0.2100 0.4571
   5   22 0.0500 0.2200 0.4614
   5   35 0.0500 0.3500 0.5201
   5   36 0.0500 0.3600 0.5199
   5   39 0.0500 0.3900 0.5104
   5   41 0.0500 0.4100 0.4970
   5   46 0.0500 0.4600 0.4518
   5   50 0.0500 0.5000 0.4330
   5   52 0.0500 0.5200 0.4386
   5   63 0.0500 0.6300 0.5137
   5   71 0.0500 0.7100 0.4332
   5   93 0.0500 0.9300 0.5188
   5   97 0.0500 0.9700 0.4729
   6   16 0.0600 0.1600 0.4423
   6   17 0.0600 0.1700 0.4448
   6   18 0.0600 0.1800 0.4476
   6   22 0.0600 0.2200 0.4634
   6   35 0.0600 0.3500 0.5262
   6   53 0.0600 0.5300 0.4464
   6   70 0.0600 0.7000 0.4345
   6   81 0.0600 0.8100 0.5127
   6   82 0.0600 0.8200 0.4969
   6   87 0.0600 0.8700 0.4337
   6   96 0.0600 0.9600 0.4978
   7   19 0.0700 0.1900 0.4511
   7   24 0.0700 0.2400 0.4743
   7   25 0.0700 0.2500 0.4801
   7   27 0.0700 0.2700 0.4922
   7   34 0.0700 0.3400 0.5258
   7   40 0.0700 0.4000 0.5101
   7   47 0.0700 0.4700 0.4450
   7   56 0.0700 0.5600 0.4814
   7   62 0.0700 0.6200 0.5258
   7   69 0.0700 0.6900 0.4412
   7   74 0.0700 0.7400 0.4628
   7   76 0.0700 0.7600 0.4975
   7   79 0.0700 0.7900 0.5271
   7   85 0.0700 0.8500 0.4438
   7   97 0.0700 0.9700 0.4760
   7   98 0.0700 0.9800 0.4544
   8    4 0.0800 0.0400 0.4330
   8   18 0.0800 0.1800 0.4470
   8   28 0.0800 0.2800 0.4951
   8   33 0.0800 0.3300 0.5188
   8   46 0.0800 0.4600 0.4523
   8   51 0.0800 0.5100 0.4344
   8   52 0.0800 0.5200 0.4387
   8   56 0.0800 0.5600 0.4790
   8   57 0.0800 0.5700 0.4914
   8   68 0.0800 0.6800 0.4515
   8   80 0.0800 0.8000 0.5193
   8   83 0.0800 0.8300 0.4761
   8   91 0.0800 0.9100 0.4948
   8   94 0.0800 0.9400 0.5214
   9    6 0.0900 0.0600 0.4331
   9   15 0.0900 0.1500 0.4391
   9   70 0.0900 0.7000 0.4342
   9   82 0.0900 0.8200 0.4872
   9   84 0.0900 0.8400 0.4552
   9   95 0.0900 0.9500 0.5030
  10    8 0.1000 0.0800 0.4334
  10   19 0.1000 0.1900 0.4451
  10   24 0.1000 0.2400 0.4607
  10   26 0.1000 0.2600 0.4686
  10   59 0.1000 0.5900 0.4891
  10   63 0.1000 0.6300 0.4914
  10   65 0.1000 0.6500 0.4761
  10   74 0.1000 0.7400 0.4530
  10   84 0.1000 0.8400 0.4507
  10   88 0.1000 0.8800 0.4387
  10   90 0.1000 0.9000 0.4625
  11    8 0.1100 0.0800 0.4333
  11   30 0.1100 0.3000 0.4671
  11   33 0.1100 0.3300 0.4729
  11   44 0.1100 0.4400 0.4506
  11   60 0.1100 0.6000 0.4731
  11   66 0.1100 0.6600 0.4548
  11   70 0.1100 0.7000 0.4336
  11   75 0.1100 0.7500 0.4538
  11   87 0.1100 0.8700 0.4333
  11   97 0.1100 0.9700 0.4520
  12   14 0.1200 0.1400 0.4339
  12   15 0.1200 0.1500 0.4342
  12   17 0.1200 0.1700 0.4349
  12   21 0.1200 0.2100 0.4372
  12   44 0.1200 0.4400 0.4394
  12   62 0.1200 0.6200 0.4478
  12   70 0.1200 0.7000 0.4332
  12   83 0.1200 0.8300 0.4402
  12   86 0.1200 0.8600 0.4332
  12   93 0.1200 0.9300 0.4478
  12   94 0.1200 0.9400 0.4479
  13   15 0.1300 0.1500 0.4317
  13   17 0.1300 0.1700 0.4310
  13   20 0.1300 0.2000 0.4292
  13   23 0.1300 0.2300 0.4269
  13   34 0.1300 0.3400 0.4171
  13   43 0.1300 0.4300 0.4244
  13   59 0.1300 0.5900 0.4187
  13   61 0.1300 0.6100 0.4169
  13   91 0.1300 0.9100 0.4219
  14   14 0.1400 0.1400 0.4299
  14   19 0.1400 0.1900 0.4232
  14   42 0.1400 0.4200 0.4004
  14   49 0.1400 0.4900 0.4322
  14   66 0.1400 0.6600 0.4062
  14   77 0.1400 0.7700 0.3897
  14   82 0.1400 0.8200 0.3979
  14   85 0.1400 0.8500 0.4271
  14   96 0.1400 0.9600 0.3974
  15    2 0.1500 0.0200 0.4330
  15   23 0.1500 0.2300 0.3990
  15   25 0.1500 0.2500 0.3883
  15   27 0.1500 0.2700 0.3768
  15   31 0.1500 0.3100 0.3549
  15   51 0.1500 0.5100 0.4316
  15   68 0.1500 0.6800 0.4145
  15   73 0.1500 0.7300 0.4186
  15   83 0.1500 0.8300 0.3899
  15   88 0.1500 0.8800 0.4248
  15   96 0.1500 0.9600 0.3709
  16   11 0.1600 0.1100 0.4300
  16   16 0.1600 0.1600 0.4200
  16   20 0.1600 0.2000 0.4029
  16   25 0.1600 0.2500 0.3681
  16   55 0.1600 0.5500 0.3842
  16   62 0.1600 0.6200 0.3050
  16   75 0.1600 0.7500 0.3681
  16   77 0.1600 0.7700 0.3232
  16   78 0.1600 0.7800 0.3088
  16   79 0.1600 0.7900 0.3032
  16   85 0.1600 0.8500 0.4181
  16   92 0.1600 0.9200 0.3192
  16   97 0.1600 0.9700 0.3736
  17    4 0.1700 0.0400 0.4329
  17   15 0.1700 0.1500 0.4196
  17   18 0.1700 0.1800 0.4061
  17   25 0.1700 0.2500 0.3472
  17   32 0.1700 0.3200 0.2750
  17   41 0.1700 0.4100 0.3071
  17   42 0.1700 0.4200 0.3236
  17   51 0.1700 0.5100 0.4302
  17   52 0.1700 0.5200 0.4220
  17   69 0.1700 0.6900 0.4180
  17   76 0.1700 0.7600 0.3155
  17   79 0.1700 0.7900 0.2615
  18    8 0.1800 0.0800 0.4316
  18   14 0.1800 0.1400 0.4203
  18   19 0.1800 0.1900 0.3920
  18   39 0.1800 0.3900 0.2434
  18   57 0.1800 0.5700 0.2936
  18   61 0.1800 0.6100 0.2199
  18   73 0.1800 0.7300 0.3985
  18   91 0.1800 0.9100 0.2855
  18   97 0.1800 0.9700 0.3354
  18   99 0.1800 0.9900 0.4199
  19    7 0.1900 0.0700 0.4320
  19   11 0.1900 0.1100 0.4271
  19   16 0.1900 0.1600 0.4075
  19   27 0.1900 0.2700 0.2729
  19   38 0.1900 0.3800 0.1933
  19   45 0.1900 0.4500 0.3526
  19   46 0.1900 0.4600 0.3782
  19   63 0.1900 0.6300 0.1973
  19   90 0.1900 0.9000 0.3137
  19   92 0.1900 0.9200 0.2100
  20   24 0.2000 0.2400 0.3042
  20   37 0.2000 0.3700 0.1459
  20   51 0.2000 0.5100 0.4283
  20   57 0.2000 0.5700 0.2412
  20   58 0.2000 0.5800 0.2032
  20   73 0.2000 0.7300 0.3856
  20   74 0.2000 0.7400 0.3399
  20   83 0.2000 0.8300 0.2913
  21    3 0.2100 0.0300 0.4329
  21   10 0.2100 0.1000 0.4278
  21   26 0.2100 0.2600 0.2470
  21   28 0.2100 0.2800 0.2040
  21   32 0.2100 0.3200 0.1291
  21   47 0.2100 0.4700 0.3908
  21   57 0.2100 0.5700 0.2175
  21   76 0.2100 0.7600 0.2070
  22   11 0.2200 0.1100 0.4247
  22   43 0.2200 0.4300 0.2402
  22   44 0.2200 0.4400 0.2797
  22   51 0.2200 0.5100 0.4272
  22   62 0.2200 0.6200 0.0761
  22   68 0.2200 0.6800 0.3580
  22   78 0.2200 0.7800 0.0866
  22   86 0.2200 0.8600 0.4268
  22   88 0.2200 0.8800 0.4000
  23    1 0.2300 0.0100 0.4330
  23   19 0.2300 0.1900 0.3583
  23   30 0.2300 0.3000 0.1144
  23   54 0.2300 0.5400 0.3360
  23   70 0.2300 0.7000 0.4269
  23   79 0.2300 0.7900 0.0439
  23   80 0.2300 0.8000 0.0575
  23   82 0.2300 0.8200 0.1664
  23   88 0.2300 0.8800 0.3975
  23   89 0.2300 0.8900 0.3339
  23   92 0.2300 0.9200 0.0920
  24   12 0.2400 0.1200 0.4197
  24   39 0.2400 0.3900 0.0683
  24   43 0.2400 0.4300 0.2143
  24   44 0.2400 0.4400 0.2591
  24   47 0.2400 0.4700 0.3805
  24   48 0.2400 0.4800 0.4086
  24   59 0.2400 0.5900 0.0677
  24   66 0.2400 0.6600 0.2179
  24   74 0.2400 0.7400 0.3028
  24   75 0.2400 0.7500 0.2277
  24   96 0.2400 0.9600 0.1479
  25    2 0.2500 0.0200 0.4330
  25    8 0.2500 0.0800 0.4302
  25   13 0.2500 0.1300 0.4141
  25   46 0.2500 0.4600 0.3414
  25   59 0.2500 0.5900 0.0545
  25   73 0.2500 0.7300 0.3643
  25   88 0.2500 0.8800 0.3942
  25   95 0.2500 0.9500 0.0565
  25   99 0.2500 0.9900 0.4069
  26   15 0.2600 0.1500 0.3993
  26   17 0.2600 0.1700 0.3783
  26   29 0.2600 0.2900 0.1047
  26   41 0.2600 0.4100 0.1151
  26   45 0.2600 0.4500 0.2962
  26   74 0.2600 0.7400 0.2957
  27    5 0.2700 0.0500 0.4326
  27   27 0.2700 0.2700 0.1605
  27   46 0.2700 0.4600 0.3397
  27   62 0.2700 0.6200 0.0060
  27   65 0.2700 0.6500 0.1368
  27   72 0.2700 0.7200 0.4102
  27   98 0.2700 0.9800 0.3343
  28    6 0.2800 0.0600 0.4321
  28    8 0.2800 0.0800 0.4302
  28   13 0.2800 0.1300 0.4141
  28   48 0.2800 0.4800 0.4077
  28   50 0.2800 0.5000 0.4330
  28   56 0.2800 0.5600 0.2145
  28   62 0.2800 0.6200 0.0137
  28   66 0.2800 0.6600 0.2102
  28   71 0.2800 0.7100 0.4319
  28   72 0.2800 0.7200 0.4107
  28   93 0.2800 0.9300 0.0146
  28   96 0.2800 0.9600 0.1377
  29   24 0.2900 0.2400 0.2535
  29   25 0.2900 0.2500 0.2283
  29   28 0.2900 0.2800 0.1487
  29   34 0.2900 0.3400 0.0294
  29   42 0.2900 0.4200 0.1720
  29   49 0.2900 0.4900 0.4267
  29   53 0.2900 0.5300 0.3743
  29   69 0.2900 0.6900 0.3972
  29   76 0.2900 0.7600 0.1525
  30   15 0.3000 0.1500 0.4030
  30   20 0.3000 0.2000 0.3435
  30   22 0.3000 0.2200 0.3072
  30   25 0.3000 0.2500 0.2403
  30   26 0.3000 0.2600 0.2157
  30   51 0.3000 0.5100 0.4268
  30   60 0.3000 0.6000 0.0611
  30   76 0.3000 0.7600 0.1689
  31   52 0.3100 0.5200 0.4102
  31   56 0.3100 0.5600 0.2513
  31   58 0.3100 0.5800 0.1562
  31   62 0.3100 0.6200 0.0842
  31   63 0.3100 0.6300 0.1054
  31   66 0.3100 0.6600 0.2477
  31   89 0.3100 0.8900 0.3429
  31   94 0.3100 0.9400 0.0834
  31   98 0.3100 0.9800 0.3524
  32   25 0.3200 0.2500 0.2757
  32   31 0.3200 0.3100 0.1581
  32   37 0.3200 0.3700 0.1253
  32   38 0.3200 0.3800 0.1367
  32   48 0.3200 0.4800 0.4143
  32   67 0.3200 0.6700 0.3201
  32   69 0.3200 0.6900 0.4055
  32   73 0.3200 0.7300 0.3822
  32   84 0.3200 0.8400 0.3448
  32   90 0.3200 0.9000 0.2856
  32   94 0.3200 0.9400 0.1220
  33   10 0.3300 0.1000 0.4288
  33   47 0.3300 0.4700 0.3986
  33   59 0.3300 0.5900 0.1938
  33   65 0.3300 0.6500 0.2492
  33   66 0.3300 0.6600 0.2922
  33   71 0.3300 0.7100 0.4323
  33   85 0.3300 0.8500 0.4022
  33   89 0.3300 0.8900 0.3645
  33   93 0.3300 0.9300 0.1686
  34   26 0.3400 0.2600 0.3108
  34   34 0.3400 0.3400 0.2193
  34   48 0.3400 0.4800 0.4201
  34   51 0.3400 0.5100 0.4295
  34   54 0.3400 0.5400 0.3790
  34   62 0.3400 0.6200 0.2193
  34   64 0.3400 0.6400 0.2547
  34   83 0.3400 0.8300 0.3284
  34   96 0.3400 0.9600 0.2825
  34   97 0.3400 0.9700 0.3339
  35   16 0.3500 0.1600 0.4170
  35   21 0.3500 0.2100 0.3888
  35   30 0.3500 0.3000 0.3024
  35   38 0.3500 0.3800 0.2828
  35   86 0.3500 0.8600 0.4303
  35   92 0.3500 0.9200 0.2932
  35   97 0.3500 0.9700 0.3601
  36   16 0.3600 0.1600 0.4232
  36   22 0.3600 0.2200 0.4010
  36   31 0.3600 0.3100 0.3474
  36   56 0.3600 0.5600 0.3827
  36   63 0.3600 0.6300 0.3423
  36   64 0.3600 0.6400 0.3524
  36   67 0.3600 0.6700 0.3979
  36   75 0.3600 0.7500 0.3840
  36   79 0.3600 0.7900 0.3351
  36   88 0.3600 0.8800 0.4241
  36   95 0.3600 0.9500 0.3463
  37   11 0.3700 0.1100 0.4322
  37   43 0.3700 0.4300 0.4153
  37   62 0.3700 0.6200 0.4002
  37   67 0.3700 0.6700 0.4211
  37   76 0.3700 0.7600 0.4102
  38    7 0.3800 0.0700 0.4331
  38   18 0.3800 0.1800 0.4382
  38   37 0.3800 0.3700 0.4658
  38   39 0.3800 0.3900 0.4628
  38   82 0.3800 0.8200 0.4560
  39    1 0.3900 0.0100 0.4330
  39    9 0.3900 0.0900 0.4340
  39   14 0.3900 0.1400 0.4390
  39   20 0.3900 0.2000 0.4565
  39   43 0.3900 0.4300 0.4868
  39   55 0.3900 0.5500 0.4710
  39   62 0.3900 0.6200 0.5327
  39   78 0.3900 0.7800 0.5298
  39   82 0.3900 0.8200 0.5023
  40    9 0.4000 0.0900 0.4347
  40   36 0.4000 0.3600 0.6007
  40   38 0.4000 0.3800 0.5914
  40   42 0.4000 0.4200 0.5403
  40   60 0.4000 0.6000 0.5953
  40   61 0.4000 0.6100 0.6010
  40   65 0.4000 0.6500 0.5481
  40   67 0.4000 0.6700 0.4933
  40   74 0.4000 0.7400 0.4863
  40   81 0.4000 0.8100 0.5768
  40   92 0.4000 0.9200 0.5804
  41   20 0.4100 0.2000 0.4872
  41   54 0.4100 0.5400 0.4912
  41   56 0.4100 0.5600 0.5530
  41   59 0.4100 0.5900 0.6409
  41   76 0.4100 0.7600 0.5931
  41   77 0.4100 0.7700 0.6306
  41   81 0.4100 0.8100 0.6327
  41   86 0.4100 0.8600 0.4370
  42    4 0.4200 0.0400 0.4331
  42    6 0.4200 0.0600 0.4336
  42   13 0.4200 0.1300 0.4461
  42   17 0.4200 0.1700 0.4704
  42   26 0.4200 0.2600 0.6000
  42   32 0.4200 0.3200 0.7058
  42   34 0.4200 0.3400 0.7250
  42   40 0.4200 0.4000 0.6754
  42   43 0.4200 0.4300 0.5907
  42   67 0.4200 0.6700 0.5392
  42   86 0.4200 0.8600 0.4380
  43   14 0.4300 0.1400 0.4541
  43   18 0.4300 0.1800 0.4886
  43   23 0.4300 0.2300 0.5678
  43   31 0.4300 0.3100 0.7427
  43   41 0.4300 0.4100 0.6932
  43   53 0.4300 0.5300 0.4838
  43   63 0.4300 0.6300 0.7612
  43   84 0.4300 0.8400 0.5323
  43   91 0.4300 0.9100 0.6779
  43   94 0.4300 0.9400 0.7833
  43   98 0.4300 0.9800 0.5137
  44    3 0.4400 0.0300 0.4330
  44   31 0.4400 0.3100 0.7890
  44   35 0.4400 0.3500 0.8400
  44   44 0.4400 0.4400 0.6056
  44   46 0.4400 0.4600 0.5207
  44   48 0.4400 0.4800 0.4572
  45    7 0.4500 0.0700 0.4347
  45   11 0.4500 0.1100 0.4434
  45   19 0.4500 0.1900 0.5202
  45   28 0.4500 0.2800 0.7484
  45   43 0.4500 0.4300 0.6749
  45   48 0.4500 0.4800 0.4600
  45   49 0.4500 0.4900 0.4400
  45   53 0.4500 0.5300 0.4981
  45   84 0.4500 0.8400 0.5603
  45   86 0.4500 0.8600 0.4407
  45   87 0.4500 0.8700 0.4364
  45   95 0.4500 0.9500 0.8351
  45   96 0.4500 0.9600 0.7484
  46   14 0.4600 0.1400 0.4623
  46   30 0.4600 0.3000 0.8372
  46   36 0.4600 0.3600 0.9251
  46   55 0.4600 0.5500 0.6185
  46   58 0.4600 0.5800 0.8194
  46   60 0.4600 0.6000 0.9094
  46   66 0.4600 0.6600 0.6917
  46   71 0.4600 0.7100 0.4343
  46   78 0.4600 0.7800 0.9056
  46   80 0.4600 0.8000 0.9094
  47    5 0.4700 0.0500 0.4335
  47    6 0.4700 0.0600 0.4341
  47   38 0.4700 0.3800 0.9277
  47   42 0.4700 0.4200 0.7680
  47   52 0.4700 0.5200 0.4668
  47   67 0.4700 0.6700 0.6214
  47   78 0.4700 0.7800 0.9358
  47   86 0.4700 0.8600 0.4419
  47   96 0.4700 0.9600 0.7979
  48   46 0.4800 0.4600 0.5511
  48   49 0.4800 0.4900 0.4414
  48   53 0.4800 0.5300 0.5116
  48   61 0.4800 0.6100 0.9806
  48   83 0.4800 0.8300 0.6975
  48   92 0.4800 0.9200 0.9135
  49    3 0.4900 0.0300 0.4331
  49   35 0.4900 0.3500 0.9948
  49   38 0.4900 0.3800 0.9626
  49   48 0.4900 0.4800 0.4664
  49   53 0.4900 0.5300 0.5136
  49   61 0.4900 0.6100 0.9946
  49   77 0.4900 0.7700 0.9087
  50    2 0.5000 0.0200 0.4330
  50    6 0.5000 0.0600 0.4341
  50   11 0.5000 0.1100 0.4460
  50   15 0.5000 0.1500 0.4771
  50   26 0.5000 0.2600 0.7528
  50   29 0.5000 0.2900 0.8630
  50   31 0.5000 0.3100 0.9285
  50   32 0.5000 0.3200 0.9556
  50   45 0.5000 0.4500 0.6122
  50   46 0.5000 0.4600 0.5551
  50   54 0.5000 0.5400 0.5743
  50   86 0.5000 0.8600 0.4426
  50   87 0.5000 0.8700 0.4372
  51   37 0.5100 0.3700 0.9829
  51   39 0.5100 0.3900 0.9326
  51   41 0.5100 0.4100 0.8459
  51   52 0.5100 0.5200 0.4691
  51   57 0.5100 0.5700 0.8004
  51   58 0.5100 0.5800 0.8731
  51   81 0.5100 0.8100 0.9138
  51   83 0.5100 0.8300 0.7043
  51   95 0.5100 0.9500 0.9308
  51   96 0.5100 0.9600 0.8236
  51   98 0.5100 0.9800 0.5611
  52   11 0.5200 0.1100 0.4456
  52   72 0.5200 0.7200 0.4618
  52   95 0.5200 0.9500 0.9185
  53    3 0.5300 0.0300 0.4331
  53    7 0.5300 0.0700 0.4350
  53   34 0.5300 0.3400 0.9511
  53   36 0.5300 0.3600 0.9566
  53   39 0.5300 0.3900 0.8997
  53   47 0.5300 0.4700 0.5002
  53   79 0.5300 0.7900 0.9583
  53   90 0.5300 0.9000 0.6792
  54    4 0.5400 0.0400 0.4332
  54   25 0.5400 0.2500 0.6799
  54   27 0.5400 0.2700 0.7437
  54   37 0.5400 0.3700 0.9158
  54   40 0.5400 0.4000 0.8372
  54   51 0.5400 0.5100 0.4409
  54   67 0.5400 0.6700 0.6101
  54   73 0.5400 0.7300 0.5127
  54   89 0.5400 0.8900 0.5588
  54   91 0.5400 0.9100 0.7742
  54   99 0.5400 0.9900 0.4632
  55   10 0.5500 0.1000 0.4401
  55   14 0.5500 0.1400 0.4600
  55   17 0.5500 0.1700 0.4903
  55   23 0.5500 0.2300 0.6058
  55   25 0.5500 0.2500 0.6601
  55   40 0.5500 0.4000 0.8048
  55   57 0.5500 0.5700 0.7297
  55   64 0.5500 0.6400 0.8066
  55   73 0.5500 0.7300 0.5063
  55   77 0.5500 0.7700 0.8172
  55   84 0.5500 0.8400 0.5603
  56   73 0.5600 0.7300 0.4988
  56   75 0.5600 0.7500 0.6367
  56   80 0.5600 0.8000 0.8261
  56   92 0.5600 0.9200 0.7900
  57    6 0.5700 0.0600 0.4337
  57   13 0.5700 0.1300 0.4487
  57   16 0.5700 0.1600 0.4684
  57   47 0.5700 0.4700 0.4783
  57   54 0.5700 0.5400 0.5213
  57   56 0.5700 0.5600 0.6151
  57   59 0.5700 0.5900 0.7484
  57   61 0.5700 0.6100 0.7869
  57   65 0.5700 0.6500 0.6754
  57   67 0.5700 0.6700 0.5601
  57   75 0.5700 0.7500 0.6102
  57   87 0.5700 0.8700 0.4356
  58    8 0.5800 0.0800 0.4349
  58   16 0.5800 0.1600 0.4626
  58   19 0.5800 0.1900 0.4899
  58   37 0.5800 0.3700 0.7225
  58   40 0.5800 0.4000 0.6754
  58   46 0.5800 0.4600 0.4967
  58   49 0.5800 0.4900 0.4375
  58   53 0.5800 0.5300 0.4754
  58   64 0.5800 0.6400 0.6765
  58   65 0.5800 0.6500 0.6355
  58   73 0.5800 0.7300 0.4808
  58   78 0.5800 0.7800 0.7164
  58   79 0.5800 0.7900 0.7290
  58   80 0.5800 0.8000 0.7187
  58   87 0.5800 0.8700 0.4352
  58   98 0.5800 0.9800 0.5005
  59    7 0.5900 0.0700 0.4339
  59    9 0.5900 0.0900 0.4354
  59   15 0.5900 0.1500 0.4512
  59   23 0.5900 0.2300 0.5219
  59   31 0.5900 0.3100 0.6371
  59   32 0.5900 0.3200 0.6483
  59   51 0.5900 0.5100 0.4367
  59   62 0.5900 0.6200 0.6634
  59   84 0.5900 0.8400 0.4985
  59   97 0.5900 0.9700 0.5398
  60    8 0.6000 0.0800 0.4341
  60   18 0.6000 0.1800 0.4594
  60   19 0.6000 0.1900 0.4653
  60   26 0.6000 0.2600 0.5279
  60   27 0.6000 0.2700 0.5388
  60   43 0.6000 0.4300 0.5226
  60   55 0.6000 0.5500 0.4962
  60   89 0.6000 0.8900 0.4758
  61    2 0.6100 0.0200 0.4330
  61    5 0.6100 0.0500 0.4331
  61   26 0.6100 0.2600 0.4900
  61   30 0.6100 0.3000 0.5158
  61   38 0.6100 0.3800 0.5282
  61   52 0.6100 0.5200 0.4395
  61   57 0.6100 0.5700 0.4991
  61   58 0.6100 0.5800 0.5121
  61   62 0.6100 0.6200 0.5327
  61   75 0.6100 0.7500 0.4835
  61   77 0.6100 0.7700 0.5185
  61   83 0.6100 0.8300 0.4818
  61   95 0.6100 0.9500 0.5225
  61   98 0.6100 0.9800 0.4560
  62    5 0.6200 0.0500 0.4330
  62    6 0.6200 0.0600 0.4331
  62   37 0.6200 0.3700 0.4658
  62   50 0.6200 0.5000 0.4330
  62   62 0.6200 0.6200 0.4661
  62   65 0.6200 0.6500 0.4559
  62   67 0.6200 0.6700 0.4450
  62   68 0.6200 0.6800 0.4399
  62   90 0.6200 0.9000 0.4487
  62   94 0.6200 0.9400 0.4662
  63    6 0.6300 0.0600 0.4329
  63   13 0.6300 0.1300 0.4315
  63   14 0.6300 0.1400 0.4310
  63   27 0.6300 0.2700 0.4121
  63   46 0.6300 0.4600 0.4258
  63   47 0.6300 0.4700 0.4287
  64   10 0.6400 0.1000 0.4314
  64   15 0.6400 0.1500 0.4254
  64   45 0.6400 0.4500 0.4020
  64   47 0.6400 0.4700 0.4205
  64   63 0.6400 0.6300 0.3423
  64   69 0.6400 0.6900 0.4244
  64   72 0.6400 0.7200 0.4278
  64   82 0.6400 0.8200 0.3659
  64   86 0.6400 0.8600 0.4313
  64   88 0.6400 0.8800 0.4241
  64   92 0.6400 0.9200 0.3472
  65   19 0.6500 0.1900 0.4024
  65   24 0.6500 0.2400 0.3631
  65   32 0.6500 0.3200 0.2860
  65   44 0.6500 0.4400 0.3654
  65   75 0.6500 0.7500 0.3533
  65   81 0.6500 0.8100 0.2967
  66    3 0.6600 0.0300 0.4330
  66   39 0.6600 0.3900 0.2404
  66   46 0.6600 0.4600 0.3863
  66   72 0.6600 0.7200 0.4216
  66   76 0.6600 0.7600 0.2845
  66   96 0.6600 0.9600 0.2825
  67   11 0.6700 0.1100 0.4268
  67   14 0.6700 0.1400 0.4170
  67   17 0.6700 0.1700 0.3991
  67   19 0.6700 0.1900 0.3814
  67   21 0.6700 0.2100 0.3586
  67   34 0.6700 0.3400 0.1680
  67   39 0.6700 0.3900 0.1942
  67   54 0.6700 0.5400 0.3660
  67   68 0.6700 0.6800 0.3773
  67   87 0.6700 0.8700 0.4310
  68    3 0.6800 0.0300 0.4329
  68   15 0.6800 0.1500 0.4085
  68   16 0.6800 0.1600 0.4015
  68   20 0.6800 0.2000 0.3600
  68   21 0.6800 0.2100 0.3459
  68   33 0.6800 0.3300 0.1311
  68   40 0.6800 0.4000 0.1754
  68   43 0.6800 0.4300 0.2654
  68   54 0.6800 0.5400 0.3546
  68   75 0.6800 0.7500 0.2757
  68   92 0.6800 0.9200 0.1573
  69    8 0.6900 0.0800 0.4307
  69   12 0.6900 0.1200 0.4215
  69   19 0.6900 0.1900 0.3651
  69   24 0.6900 0.2400 0.2779
  69   29 0.6900 0.2900 0.1648
  69   31 0.6900 0.3100 0.1239
  69   33 0.6900 0.3300 0.0936
  69   40 0.6900 0.4000 0.1434
  69   60 0.6900 0.6000 0.0917
  69   84 0.6900 0.8400 0.3338
  69   93 0.6900 0.9300 0.0850
  70    8 0.7000 0.0800 0.4305
  70   29 0.7000 0.2900 0.1408
  70   65 0.7000 0.6500 0.1694
  70   69 0.7000 0.6900 0.3993
  70   76 0.7000 0.7600 0.1689
  70   80 0.7000 0.8000 0.0611
  70   97 0.7000 0.9700 0.2567
  71    3 0.7100 0.0300 0.4329
  71   18 0.7100 0.1800 0.3688
  71   38 0.7100 0.3800 0.0476
  71   45 0.7100 0.4500 0.3037
  71   67 0.7100 0.6700 0.2862
  71   86 0.7100 0.8600 0.4260
  72   29 0.7200 0.2900 0.1106
  72   45 0.7200 0.4500 0.2987
  72   46 0.7200 0.4600 0.3414
  72   59 0.7200 0.5900 0.0546
  72   65 0.7200 0.6500 0.1421
  72   82 0.7200 0.8200 0.1416
  72   94 0.7200 0.9400 0.0128
  72   96 0.7200 0.9600 0.1377
  73    7 0.7300 0.0700 0.4313
  73   10 0.7300 0.1000 0.4262
  73   14 0.7300 0.1400 0.4072
  73   21 0.7300 0.2100 0.3131
  73   23 0.7300 0.2300 0.2682
  73   27 0.7300 0.2700 0.1605
  73   31 0.7300 0.3100 0.0546
  73   32 0.7300 0.3200 0.0339
  73   39 0.7300 0.3900 0.0483
  73   42 0.7300 0.4200 0.1568
  73   46 0.7300 0.4600 0.3397
  73   69 0.7300 0.6900 0.3951
  73   73 0.7300 0.7300 0.3631
  73   75 0.7300 0.7500 0.2165
  73   90 0.7300 0.9000 0.2301
  73   93 0.7300 0.9300 0.0069
  73   94 0.7300 0.9400 0.0050
  73   99 0.7300 0.9900 0.4065
  74   17 0.7400 0.1700 0.3783
  74   23 0.7400 0.2300 0.2682
  74   32 0.7400 0.3200 0.0340
  74   34 0.7400 0.3400 0.0060
  74   36 0.7400 0.3600 0.0014
  74   38 0.7400 0.3800 0.0252
  74   40 0.7400 0.4000 0.0785
  74   70 0.7400 0.7000 0.4262
  74   97 0.7400 0.9700 0.2350
  75   24 0.7500 0.2400 0.2465
  75   31 0.7500 0.3100 0.0613
  75   49 0.7500 0.4900 0.4264
  75   71 0.7500 0.7100 0.4319
  75   76 0.7500 0.7600 0.1416
  75   97 0.7500 0.9700 0.2385
  76    4 0.7600 0.0400 0.4328
  76   19 0.7600 0.1900 0.3542
  76   24 0.7600 0.2400 0.2530
  76   29 0.7600 0.2900 0.1217
  76   30 0.7600 0.3000 0.0969
  76   60 0.7600 0.6000 0.0369
  76   61 0.7600 0.6100 0.0231
  76   89 0.7600 0.8900 0.3284
  77   10 0.7700 0.1000 0.4269
  77   32 0.7700 0.3200 0.0744
  77   44 0.7700 0.4400 0.2681
  77   59 0.7700 0.5900 0.0867
  77   74 0.7700 0.7400 0.3096
  77   82 0.7700 0.8200 0.1664
  77   88 0.7700 0.8800 0.3975
  77   90 0.7700 0.9000 0.2507
  77   98 0.7700 0.9800 0.3443
  78    2 0.7800 0.0200 0.4330
  78    3 0.7800 0.0300 0.4329
  78   10 0.7800 0.1000 0.4273
  78   14 0.7800 0.1400 0.4115
  78   16 0.7800 0.1600 0.3968
  78   30 0.7800 0.3000 0.1367
  78   34 0.7800 0.3400 0.0761
  78   38 0.7800 0.3800 0.0922
  78   41 0.7800 0.4100 0.1673
  78   50 0.7800 0.5000 0.4330
  78   59 0.7800 0.5900 0.1109
  78   69 0.7800 0.6900 0.4013
  78   74 0.7800 0.7400 0.3182
  78   79 0.7800 0.7900 0.0711
  78   93 0.7800 0.9300 0.0769
  79    1 0.7900 0.0100 0.4330
  79   15 0.7900 0.1500 0.4073
  79   24 0.7900 0.2400 0.2884
  79   35 0.7900 0.3500 0.1035
  79   38 0.7900 0.3800 0.1224
  79   59 0.7900 0.5900 0.1395
  79   71 0.7900 0.7100 0.4321
  79   72 0.7900 0.7200 0.4157
  79   77 0.7900 0.7700 0.1540
  79   92 0.7900 0.9200 0.1440
  79   98 0.7900 0.9800 0.3578
  80    3 0.8000 0.0300 0.4330
  80   17 0.8000 0.1700 0.3959
  80   28 0.8000 0.2800 0.2291
  80   54 0.8000 0.5400 0.3598
  80   55 0.8000 0.5500 0.3227
  80   73 0.8000 0.7300 0.3856
  80   79 0.8000 0.7900 0.1394
  80   94 0.8000 0.9400 0.1428
  81   19 0.8100 0.1900 0.3841
  81   34 0.8100 0.3400 0.1820
  81   40 0.8100 0.4000 0.2246
  81   42 0.8100 0.4200 0.2707
  81   50 0.8100 0.5000 0.4330
  81   86 0.8100 0.8600 0.4287
  81   87 0.8100 0.8700 0.4311
  81   96 0.8100 0.9600 0.2562
  82    4 0.8200 0.0400 0.4329
  82    5 0.8200 0.0500 0.4328
  82   14 0.8200 0.1400 0.4203
  82   17 0.8200 0.1700 0.4061
  82   46 0.8200 0.4600 0.3870
  82   49 0.8200 0.4900 0.4297
  82   53 0.8200 0.5300 0.4024
  82   54 0.8200 0.5400 0.3798
  82   73 0.8200 0.7300 0.3985
  82   78 0.8200 0.7800 0.2287
  82   90 0.8200 0.9000 0.3330
  82   91 0.8200 0.9100 0.2855
  82   92 0.8200 0.9200 0.2460
  82   96 0.8200 0.9600 0.2848
  83   18 0.8300 0.1800 0.4061
  83   25 0.8300 0.2500 0.3472
  83   31 0.8300 0.3100 0.2831
  83   32 0.8300 0.3200 0.2750
  83   38 0.8300 0.3800 0.2715
  83   41 0.8300 0.4100 0.3071
  83   54 0.8300 0.5400 0.3902
  83   61 0.8300 0.6100 0.2617
  83   90 0.8300 0.9000 0.3526
  83   92 0.8300 0.9200 0.2827
  84   19 0.8400 0.1900 0.4081
  84   23 0.8400 0.2300 0.3836
  84   35 0.8400 0.3500 0.3033
  84   36 0.8400 0.3600 0.3036
  84   38 0.8400 0.3800 0.3107
  84   50 0.8400 0.5000 0.4330
  84   53 0.8400 0.5300 0.4144
  84   62 0.8400 0.6200 0.3050
  84   65 0.8400 0.6500 0.3442
  84   69 0.8400 0.6900 0.4216
  84   78 0.8400 0.7800 0.3087
  85    1 0.8500 0.0100 0.4330
  85    3 0.8500 0.0300 0.4330
  85    6 0.8500 0.0600 0.4328
  85    9 0.8500 0.0900 0.4321
  85   17 0.8500 0.1700 0.4217
  85   20 0.8500 0.2000 0.4122
  85   21 0.8500 0.2100 0.4082
  85   63 0.8500 0.6300 0.3502
  85   86 0.8500 0.8600 0.4315
  85   92 0.8500 0.9200 0.3547
  85   94 0.8500 0.9400 0.3447
  86    6 0.8600 0.0600 0.4329
  86   15 0.8600 0.1500 0.4290
  86   49 0.8600 0.4900 0.4322
  86   61 0.8600 0.6100 0.3819
  86   82 0.8600 0.8200 0.3979
  86   95 0.8600 0.9500 0.3877
  86   96 0.8600 0.9600 0.3974
  86   99 0.8600 0.9900 0.4299
  87   16 0.8700 0.1600 0.4314
  87   29 0.8700 0.2900 0.4208
  87   30 0.8700 0.3000 0.4198
  87   31 0.8700 0.3100 0.4189
  87   43 0.8700 0.4300 0.4244
  87   47 0.8700 0.4700 0.4309
  87   57 0.8700 0.5700 0.4225
  87   63 0.8700 0.6300 0.4181
  87   73 0.8700 0.7300 0.4304
  87   74 0.8700 0.7400 0.4279
  87   83 0.8700 0.8300 0.4252
  87   86 0.8700 0.8600 0.4327
  87   87 0.8700 0.8700 0.4329
  87   88 0.8700 0.8800 0.4315
  87   99 0.8700 0.9900 0.4320
  88   11 0.8800 0.1100 0.4333
  88   52 0.8800 0.5200 0.4340
  88   82 0.8800 0.8200 0.4433
  88   96 0.8800 0.9600 0.4434
  89    1 0.8900 0.0100 0.4330
  89   22 0.8900 0.2200 0.4466
  89   27 0.8900 0.2700 0.4592
  89   45 0.8900 0.4500 0.4461
  89   51 0.8900 0.5100 0.4337
  89   65 0.8900 0.6500 0.4615
  89   72 0.8900 0.7200 0.4352
  90   29 0.9000 0.2900 0.4808
  90   32 0.9000 0.3200 0.4911
  90   53 0.9000 0.5300 0.4420
  90   61 0.9000 0.6100 0.4960
  90   72 0.9000 0.7200 0.4363
  90   80 0.9000 0.8000 0.4939
  90   82 0.9000 0.8200 0.4762
  90   83 0.9000 0.8300 0.4634
  90   89 0.9000 0.8900 0.4491
  90   96 0.9000 0.9600 0.4768
  90   99 0.9000 0.9900 0.4369
  91    5 0.9100 0.0500 0.4331
  91    9 0.9100 0.0900 0.4338
  91   19 0.9100 0.1900 0.4482
  91   31 0.9100 0.3100 0.5021
  91   48 0.9100 0.4800 0.4377
  91   50 0.9100 0.5000 0.4330
  91   61 0.9100 0.6100 0.5120
  91   84 0.9100 0.8400 0.4552
  92   20 0.9200 0.2000 0.4537
  92   52 0.9200 0.5200 0.4387
  92   55 0.9200 0.5500 0.4666
  92   71 0.9200 0.7100 0.4332
  92   74 0.9200 0.7400 0.4614
  92   77 0.9200 0.7700 0.5087
  92   88 0.9200 0.8800 0.4411
  92   90 0.9200 0.9000 0.4749
  93    4 0.9300 0.0400 0.4330
  93   18 0.9300 0.1800 0.4477
  93   25 0.9300 0.2500 0.4801
  93   26 0.9300 0.2600 0.4861
  93   40 0.9300 0.4000 0.5101
  93   41 0.9300 0.4100 0.5021
  93   52 0.9300 0.5200 0.4390
  93   53 0.9300 0.5300 0.4465
  93   71 0.9300 0.7100 0.4332
  93   77 0.9300 0.7700 0.5126
  93   95 0.9300 0.9500 0.5163
  94   10 0.9400 0.1000 0.4345
  94   20 0.9400 0.2000 0.4546
  94   35 0.9400 0.3500 0.5262
  94   37 0.9400 0.3700 0.5242
  94   38 0.9400 0.3800 0.5208
  94   40 0.9400 0.4000 0.5093
  94   53 0.9400 0.5300 0.4464
  94   67 0.9400 0.6700 0.4664
  94   72 0.9400 0.7200 0.4379
  94   80 0.9400 0.8000 0.5230
  94   92 0.9400 0.9200 0.5147
  94   96 0.9400 0.9600 0.4978
  95    1 0.9500 0.0100 0.4330
  95   16 0.9500 0.1600 0.4417
  95   34 0.9500 0.3400 0.5189
  95   36 0.9500 0.3600 0.5199
  95   39 0.9500 0.3900 0.5104
  95   55 0.9500 0.5500 0.4657
  95   73 0.9500 0.7300 0.4471
  95   85 0.9500 0.8500 0.4430
  95   88 0.9500 0.8800 0.4409
  95   91 0.9500 0.9100 0.4932
  95   94 0.9500 0.9400 0.5191
  95   99 0.9500 0.9900 0.4383
  96   16 0.9600 0.1600 0.4406
  96   18 0.9600 0.1800 0.4450
  96   29 0.9600 0.2900 0.4909
  96   34 0.9600 0.3400 0.5083
  96   41 0.9600 0.4100 0.4890
  96   42 0.9600 0.4200 0.4817
  96   51 0.9600 0.5100 0.4342
  96   55 0.9600 0.5500 0.4617
  96   62 0.9600 0.6200 0.5083
  96   76 0.9600 0.7600 0.4853
  96   80 0.9600 0.8000 0.5066
  96   96 0.9600 0.9600 0.4860
  96   97 0.9600 0.9700 0.4679
  97   21 0.9700 0.2100 0.4500
  97   44 0.9700 0.4400 0.4590
  97   48 0.9700 0.4800 0.4366
  97   81 0.9700 0.8100 0.4855
  98    6 0.9800 0.0600 0.4331
  98   18 0.9800 0.1800 0.4397
  98   24 0.9800 0.2400 0.4519
  98   27 0.9800 0.2700 0.4601
  98   32 0.9800 0.3200 0.4727
  98   47 0.9800 0.4700 0.4385
  98   75 0.9800 0.7500 0.4545
  99    5 0.9900 0.0500 0.4330
  99    6 0.9900 0.0600 0.4330
  99    9 0.9900 0.0900 0.4332
  99   11 0.9900 0.1100 0.4335
  99   27 0.9900 0.2700 0.4470
  99   32 0.9900 0.3200 0.4535
  99   42 0.9900 0.4200 0.4472
  99   50 0.9900 0.5000 0.4330
  99   61 0.9900 0.6100 0.4552
  99   64 0.9900 0.6400 0.4513
  99   70 0.9900 0.7000 0.4333
  99   85 0.9900 0.8500 0.4355
